-0.06
-0.065
-0.06
-0.075
-0.065
-0.07
-0.07
-0.09
-0.08
-0.095
-0.08
-0.095
-0.08
-0.095
-0.085
-0.09
-0.09
-0.1
-0.085
-0.105
-0.09
-0.045
0.005
0.015
0.045
0.155
0.14
0.045
0.005
-0.04
-0.085
-0.2
-0.195
-0.2
-0.2
-0.24
-0.13
0.34
1.155
1.47
-0.155
-0.825
-0.59
-0.35
-0.155
-0.17
-0.14
-0.155
-0.115
-0.125
-0.09
-0.095
-0.065
-0.055
-0.015
-0.005
0.035
0.045
0.09
0.11
0.15
0.18
0.205
0.225
0.23
0.22
0.235
0.23
0.2
0.17
0.12
0.075
0.04
0.02
0.005
-0.005
-0.005
-0.01
-0.015
-0.01
0
-0.005
-0.02
-0.02
-0.015
-0.025
-0.035
-0.045
-0.045
-0.06
-0.065
-0.07
-0.055
-0.06
-0.08
-0.075
-0.09
-0.065
-0.075
-0.08
-0.08
-0.085
-0.09
-0.075
-0.085
-0.095
-0.105
-0.09
-0.095
-0.07
-0.045
0.005
0.03
0.07
0.195
0.145
0.05
-0.015
-0.025
-0.115
-0.18
-0.19
-0.185
-0.185
-0.215
0.01
0.575
1.185
0.96
-0.16
-0.74
-0.64
-0.35
-0.175
-0.145
-0.15
-0.145
-0.105
-0.12
-0.09
-0.085
-0.07
-0.04
-0.02
0.005
0.02
0.045
0.08
0.115
0.14
0.165
0.21
0.19
0.22
0.21
0.215
0.215
0.16
0.135
0.1
0.05
0.035
-0.005
0.005
-0.005
-0.015
-0.02
-0.01
0
-0.02
-0.005
-0.04
-0.035
-0.05
-0.04
-0.055
-0.075
-0.05
-0.075
-0.09
-0.08
-0.09
-0.08
-0.075
-0.085
-0.085
-0.095
-0.095
-0.105
-0.08
-0.115
-0.1
-0.095
-0.1
-0.075
-0.005
0.01
0.055
0.185
0.145
0.075
-0.005
-0.025
-0.11
-0.175
-0.18
-0.22
-0.175
-0.24
-0.03
0.53
1.21
1.22
-0.105
-0.795
-0.69
-0.375
-0.165
-0.155
-0.135
-0.15
-0.12
-0.12
-0.09
-0.095
-0.05
-0.05
-0.01
-0.005
0.03
0.08
0.075
0.145
0.155
0.2
0.2
0.24
0.235
0.245
0.245
0.215
0.18
0.15
0.09
0.035
0.025
0
-0.015
-0.03
0
-0.02
-0.005
-0.025
-0.03
-0.015
-0.01
-0.035
-0.04
-0.05
-0.045
-0.04
-0.075
-0.065
-0.095
-0.085
-0.085
-0.09
-0.1
-0.1
-0.08
-0.105
-0.105
-0.1
-0.105
-0.095
-0.1
-0.09
-0.035
0.01
0.035
0.07
0.19
0.125
0.045
-0.035
-0.06
-0.155
-0.21
-0.225
-0.2
-0.215
-0.265
0.07
0.865
1.495
0.625
-0.44
-0.815
-0.6
-0.31
-0.175
-0.18
-0.165
-0.135
-0.135
-0.115
-0.105
-0.085
-0.06
-0.03
-0.02
0.015
0.05
0.07
0.105
0.165
0.2
0.205
0.235
0.235
0.265
0.26
0.235
0.215
0.17
0.125
0.09
0.025
-0.015
-0.03
-0.035
-0.04
-0.04
-0.035
-0.04
-0.02
-0.04
-0.04
-0.03
-0.045
-0.065
-0.06
-0.06
-0.09
-0.08
-0.095
-0.085
-0.105
-0.09
-0.1
-0.105
-0.115
-0.1
-0.115
-0.11
-0.135
-0.095
-0.125
-0.105
-0.085
-0.015
0.02
0.03
0.135
0.16
0.105
0.03
-0.05
-0.05
-0.17
-0.205
-0.215
-0.175
-0.21
-0.215
0.175
1.09
1.7
0.335
-0.615
-0.705
-0.46
-0.175
-0.165
-0.145
-0.155
-0.115
-0.12
-0.105
-0.105
-0.085
-0.06
-0.015
-0.005
0.02
0.05
0.08
0.105
0.18
0.205
0.24
0.235
0.27
0.27
0.28
0.26
0.23
0.175
0.135
0.09
0.045
0
-0.005
-0.025
-0.025
-0.025
-0.02
0
-0.005
-0.005
-0.005
-0.005
-0.01
-0.025
-0.02
-0.04
-0.04
-0.04
-0.05
-0.06
-0.05
-0.065
-0.06
-0.07
-0.06
-0.09
-0.08
-0.095
-0.085
-0.1
-0.09
-0.095
-0.085
-0.1
-0.075
-0.095
-0.08
-0.075
0
0.03
0.035
0.135
0.145
0.07
0.015
-0.045
-0.055
-0.185
-0.19
-0.22
-0.18
-0.21
-0.185
0.22
1.15
1.72
0.155
-0.7
-0.66
-0.405
-0.15
-0.16
-0.135
-0.145
-0.12
-0.125
-0.09
-0.09
-0.055
-0.04
-0.015
0
0.03
0.05
0.095
0.11
0.165
0.19
0.23
0.245
0.255
0.255
0.265
0.255
0.23
0.185
0.145
0.1
0.06
0.025
0.025
0.01
0.01
0.01
0.015
0.01
0.025
0.02
0.02
0.02
0.015
0
0
-0.01
-0.015
-0.02
-0.03
-0.035
-0.035
-0.045
-0.04
-0.045
-0.045
-0.055
-0.045
-0.055
-0.045
-0.06
-0.05
-0.06
-0.055
-0.08
-0.065
-0.09
-0.075
-0.09
-0.07
-0.075
-0.065
-0.08
-0.065
-0.03
0.025
0.04
0.065
0.18
0.145
0.055
0.015
-0.035
-0.06
-0.175
-0.17
-0.195
-0.175
-0.22
-0.115
0.355
1.24
1.595
-0.115
-0.815
-0.565
-0.3
-0.13
-0.16
-0.13
-0.135
-0.11
-0.12
-0.09
-0.085
-0.055
-0.04
-0.005
0
0.04
0.05
0.095
0.125
0.17
0.19
0.22
0.23
0.245
0.25
0.26
0.24
0.22
0.175
0.135
0.085
0.055
0.02
0.015
0.01
0.01
0
0
0
0.01
0.005
0.02
0.01
0
-0.01
-0.015
-0.02
-0.02
-0.025
-0.035
-0.03
-0.045
-0.05
-0.05
-0.055
-0.065
-0.065
-0.06
-0.065
-0.07
-0.06
-0.06
-0.055
-0.06
-0.065
-0.08
-0.065
-0.08
-0.065
-0.075
-0.07
-0.085
-0.07
-0.085
-0.075
-0.085
-0.06
-0.045
0.02
0.04
0.055
0.18
0.155
0.06
0.02
-0.025
-0.055
-0.18
-0.16
-0.17
-0.165
-0.195
-0.1
0.35
1.115
1.495
-0.04
-0.73
-0.62
-0.365
-0.13
-0.15
-0.135
-0.15
-0.12
-0.13
-0.105
-0.09
-0.055
-0.06
-0.035
-0.015
0.02
0.045
0.065
0.095
0.145
0.18
0.215
0.2
0.225
0.235
0.245
0.235
0.225
0.175
0.13
0.09
0.05
0.035
0.015
0.005
0
-0.005
0
0
0
0
-0.005
-0.005
-0.02
-0.02
-0.04
-0.05
-0.06
-0.06
-0.06
-0.07
-0.065
-0.075
-0.07
-0.065
-0.075
-0.075
-0.075
-0.09
-0.075
-0.085
-0.08
-0.09
-0.075
-0.09
-0.08
-0.09
-0.08
-0.1
-0.085
-0.1
-0.075
-0.085
-0.09
-0.075
-0.015
0.025
0.055
0.155
0.16
0.095
0.015
-0.035
-0.05
-0.175
-0.17
-0.19
-0.175
-0.2
-0.105
0.335
1.095
1.47
0.065
-0.66
-0.69
-0.44
-0.185
-0.16
-0.135
-0.135
-0.115
-0.115
-0.11
-0.095
-0.055
-0.05
-0.015
-0.005
0.045
0.05
0.095
0.12
0.165
0.185
0.21
0.225
0.245
0.24
0.24
0.235
0.21
0.165
0.125
0.07
0.045
0.01
0.02
0.005
0
0
0
0
0
-0.005
-0.01
-0.005
-0.025
-0.005
-0.04
-0.04
-0.045
-0.045
-0.04
-0.055
-0.065
-0.05
-0.065
-0.065
-0.065
-0.065
-0.07
-0.065
-0.07
-0.065
-0.07
-0.07
-0.085
-0.06
-0.09
-0.065
-0.085
-0.08
-0.085
-0.05
-0.09
-0.075
-0.055
0.005
0.055
0.06
0.16
0.155
0.08
0.015
-0.02
-0.045
-0.17
-0.17
-0.175
-0.16
-0.2
-0.105
0.36
1.16
1.55
0.07
-0.69
-0.66
-0.41
-0.155
-0.155
-0.135
-0.135
-0.105
-0.11
-0.085
-0.09
-0.065
-0.045
-0.005
0
0.04
0.065
0.1
0.12
0.175
0.19
0.23
0.255
0.27
0.265
0.275
0.245
0.215
0.175
0.14
0.095
0.04
0.025
0.015
0
0
0
0
0
0
0
0
-0.005
-0.01
-0.01
-0.015
-0.03
-0.035
-0.045
-0.045
-0.05
-0.045
-0.065
-0.07
-0.075
-0.07
-0.09
-0.085
-0.09
-0.07
-0.085
-0.085
-0.095
-0.085
-0.09
-0.085
-0.09
-0.09
-0.1
-0.09
-0.105
-0.09
-0.1
-0.085
-0.055
0
0.035
0.05
0.17
0.135
0.06
0.01
-0.035
-0.075
-0.19
-0.185
-0.205
-0.18
-0.225
-0.11
0.38
1.215
1.545
-0.025
-0.765
-0.62
-0.37
-0.155
-0.17
-0.145
-0.16
-0.13
-0.145
-0.125
-0.12
-0.08
-0.065
-0.035
-0.02
0.01
0.035
0.08
0.105
0.155
0.18
0.22
0.225
0.24
0.235
0.245
0.225
0.2
0.155
0.115
0.075
0.05
0.02
0
-0.01
-0.015
-0.01
-0.01
-0.005
0
0
0
0
0
-0.005
-0.01
-0.02
-0.025
-0.035
-0.045
-0.055
-0.055
-0.06
-0.06
-0.06
-0.055
-0.055
-0.055
-0.065
-0.06
-0.055
-0.045
-0.055
-0.055
-0.055
-0.055
-0.075
-0.065
-0.08
-0.065
-0.08
-0.075
-0.09
-0.085
-0.105
-0.09
-0.11
-0.095
-0.11
-0.1
-0.085
-0.025
0.01
0.01
0.1
0.135
0.075
0
-0.05
-0.045
-0.175
-0.195
-0.205
-0.19
-0.205
-0.22
0.145
1.025
1.605
0.24
-0.625
-0.665
-0.425
-0.18
-0.185
-0.175
-0.175
-0.15
-0.15
-0.12
-0.12
-0.09
-0.08
-0.045
-0.025
0
0.02
0.06
0.08
0.13
0.16
0.185
0.195
0.21
0.21
0.22
0.215
0.195
0.17
0.135
0.085
0.045
0.015
-0.005
-0.015
-0.015
-0.015
-0.005
-0.005
0
0
0.015
0.01
0
0
0
-0.01
-0.015
-0.025
-0.03
-0.025
-0.04
-0.045
-0.04
-0.05
-0.055
-0.045
-0.03
-0.045
-0.05
-0.04
-0.045
-0.055
-0.055
-0.065
-0.065
-0.065
-0.07
-0.08
-0.065
-0.075
-0.075
-0.08
-0.07
-0.08
-0.08
-0.085
-0.065
-0.08
-0.08
-0.09
-0.09
-0.075
-0.025
0.035
0.045
0.115
0.165
0.125
0.04
-0.015
-0.005
-0.135
-0.17
-0.185
-0.165
-0.18
-0.2
0.135
0.89
1.44
0.425
-0.47
-0.67
-0.455
-0.2
-0.155
-0.13
-0.14
-0.125
-0.13
-0.105
-0.11
-0.08
-0.06
-0.045
-0.03
0.005
0.015
0.045
0.085
0.11
0.14
0.18
0.205
0.215
0.215
0.235
0.225
0.225
0.19
0.16
0.125
0.07
0.035
0.015
0.01
0.005
0.005
0
0.005
0.01
0.005
0.005
0.01
0
0.005
0
-0.01
-0.015
-0.02
-0.015
-0.025
-0.03
-0.03
-0.04
-0.035
-0.035
-0.04
-0.045
-0.045
-0.05
-0.045
-0.055
-0.055
-0.06
-0.06
-0.065
-0.055
-0.065
-0.065
-0.065
-0.06
-0.06
-0.06
-0.07
-0.06
-0.08
-0.075
-0.075
-0.075
-0.08
-0.07
-0.065
-0.01
0.03
0.05
0.1
0.2
0.145
0.055
-0.005
0
-0.12
-0.16
-0.17
-0.16
-0.175
-0.21
0.125
0.835
1.35
0.53
-0.335
-0.675
-0.54
-0.25
-0.145
-0.145
-0.135
-0.115
-0.115
-0.09
-0.09
-0.075
-0.06
-0.025
0
0.03
0.04
0.08
0.095
0.13
0.16
0.205
0.21
0.22
0.225
0.25
0.25
0.23
0.195
0.17
0.115
0.075
0.05
0.035
0.005
0.015
0.03
0.025
0.02
0.02
0.03
0.02
0.035
0.015
0.005
0.005
-0.005
-0.005
-0.02
-0.01
-0.015
-0.035
-0.03
-0.025
-0.025
-0.025
-0.04
-0.04
-0.035
-0.03
-0.03
-0.04
-0.03
-0.04
-0.03
-0.035
-0.035
-0.045
-0.045
-0.065
-0.055
-0.06
-0.06
-0.075
-0.05
-0.06
-0.06
-0.065
-0.07
-0.04
0.01
0.055
0.075
0.18
0.185
0.1
0.025
-0.025
-0.055
-0.175
-0.165
-0.18
-0.17
-0.22
-0.1
0.365
1.095
1.45
0.065
-0.665
-0.67
-0.435
-0.185
-0.17
-0.15
-0.155
-0.13
-0.12
-0.095
-0.105
-0.07
-0.055
-0.025
-0.005
0.035
0.04
0.085
0.12
0.165
0.19
0.22
0.235
0.25
0.255
0.26
0.245
0.215
0.18
0.14
0.095
0.06
0.03
0.015
0.01
0.01
0.01
0
0.005
0.01
0.015
0
0.005
0
0
-0.02
-0.025
-0.015
-0.015
-0.015
-0.03
-0.04
-0.035
-0.045
-0.04
-0.04
-0.045
-0.05
-0.04
-0.05
-0.05
-0.05
-0.055
-0.06
-0.05
-0.065
-0.055
-0.075
-0.055
-0.075
-0.055
-0.075
-0.065
-0.07
-0.075
-0.1
-0.07
-0.045
0.01
0.05
0.065
0.17
0.155
0.085
0.035
-0.02
-0.03
-0.16
-0.165
-0.19
-0.165
-0.205
-0.12
0.31
1.15
1.59
0.07
-0.685
-0.615
-0.385
-0.16
-0.175
-0.14
-0.15
-0.135
-0.14
-0.12
-0.115
-0.085
-0.08
-0.045
-0.03
0.005
0.02
0.055
0.085
0.145
0.175
0.205
0.215
0.235
0.24
0.245
0.235
0.215
0.18
0.145
0.095
0.055
0.015
0.01
-0.015
-0.01
-0.01
-0.01
-0.015
-0.005
0
0
-0.005
-0.015
-0.015
-0.02
-0.025
-0.04
-0.055
-0.05
-0.055
-0.05
-0.07
-0.07
-0.07
-0.08
-0.07
-0.075
-0.075
-0.08
-0.075
-0.085
-0.075
-0.075
-0.075
-0.08
-0.085
-0.09
-0.075
-0.08
-0.075
-0.1
-0.095
-0.08
-0.085
-0.075
-0.025
0.03
0.02
0.085
0.15
0.105
0.025
-0.04
-0.035
-0.15
-0.2
-0.21
-0.195
-0.195
-0.225
0.095
0.835
1.39
0.585
-0.35
-0.685
-0.505
-0.235
-0.16
-0.15
-0.15
-0.135
-0.14
-0.12
-0.1
-0.075
-0.06
-0.035
-0.015
0.01
0.035
0.07
0.1
0.14
0.17
0.21
0.23
0.25
0.26
0.26
0.26
0.235
0.2
0.155
0.115
0.07
0.035
0.01
0.01
0
0
-0.005
0
0
0
0
0
0
0
-0.01
-0.01
-0.015
-0.025
-0.03
-0.04
-0.045
-0.055
-0.055
-0.06
-0.06
-0.065
-0.065
-0.065
-0.06
-0.065
-0.065
-0.08
-0.075
-0.08
-0.07
-0.085
-0.07
-0.085
-0.07
-0.085
-0.07
-0.09
-0.08
-0.09
-0.075
-0.095
-0.08
-0.055
0.005
0.04
0.04
0.15
0.14
0.065
0.005
-0.045
-0.055
-0.19
-0.19
-0.21
-0.18
-0.205
-0.16
0.255
1.15
1.64
0.005
-0.72
-0.59
-0.365
-0.155
-0.18
-0.145
-0.155
-0.125
-0.13
-0.095
-0.095
-0.06
-0.055
-0.015
-0.005
0.025
0.045
0.085
0.115
0.165
0.205
0.245
0.25
0.26
0.255
0.25
0.25
0.23
0.185
0.145
0.105
0.06
0.025
0.005
0
-0.01
0
0
0
0
0
0
0.005
0
-0.005
-0.005
-0.01
-0.015
-0.02
-0.025
-0.035
-0.045
-0.035
-0.05
-0.05
-0.055
-0.055
-0.06
-0.055
-0.06
-0.065
-0.065
-0.06
-0.06
-0.05
-0.07
-0.06
-0.065
-0.055
-0.07
-0.06
-0.08
-0.065
-0.08
-0.08
-0.085
-0.075
-0.085
-0.075
-0.09
-0.08
-0.045
0
0.04
0.07
0.18
0.145
0.05
0
-0.035
-0.085
-0.185
-0.185
-0.19
-0.17
-0.225
-0.025
0.5
1.13
1.185
-0.07
-0.7
-0.62
-0.355
-0.15
-0.16
-0.14
-0.145
-0.12
-0.115
-0.095
-0.085
-0.075
-0.065
-0.03
-0.015
0.01
0.03
0.08
0.1
0.14
0.17
0.215
0.23
0.245
0.245
0.26
0.24
0.225
0.18
0.16
0.115
0.065
0.045
0.045
0.015
0
0.005
0.005
0.01
0
0
-0.005
-0.005
-0.01
-0.02
-0.03
-0.03
-0.025
-0.04
-0.03
-0.06
-0.05
-0.045
-0.045
-0.055
-0.06
-0.055
-0.065
-0.065
-0.06
-0.055
-0.06
-0.07
-0.055
-0.075
-0.06
-0.075
-0.075
-0.08
-0.08
-0.09
-0.08
-0.09
-0.07
-0.07
-0.02
0.025
0.045
0.1
0.185
0.13
0.04
-0.03
-0.02
-0.13
-0.155
-0.17
-0.165
-0.18
-0.2
0.145
0.845
1.35
0.575
-0.295
-0.665
-0.545
-0.275
-0.16
-0.15
-0.145
-0.135
-0.14
-0.125
-0.105
-0.085
-0.07
-0.055
-0.04
0
0.02
0.065
0.065
0.105
0.14
0.19
0.195
0.225
0.22
0.22
0.23
0.215
0.175
0.135
0.09
0.05
0.025
0.01
-0.005
-0.015
-0.01
0
0
0
0
0
0
-0.005
0
-0.025
-0.025
-0.025
-0.025
-0.03
-0.05
-0.035
-0.05
-0.045
-0.055
-0.05
-0.055
-0.055
-0.08
-0.05
-0.065
-0.05
-0.08
-0.075
-0.075
-0.075
-0.085
-0.06
-0.08
-0.085
-0.075
-0.02
0.02
0.045
0.125
0.165
0.115
0.02
-0.045
-0.04
-0.165
-0.185
-0.21
-0.18
-0.205
-0.21
0.16
0.95
1.475
0.375
-0.45
-0.7
-0.525
-0.25
-0.17
-0.165
-0.165
-0.135
-0.135
-0.11
-0.115
-0.085
-0.08
-0.045
-0.035
0.01
0.02
0.04
0.09
0.13
0.17
0.205
0.21
0.25
0.235
0.25
0.225
0.225
0.17
0.125
0.1
0.035
0.01
-0.015
-0.02
-0.035
-0.025
-0.03
-0.03
-0.03
-0.035
-0.045
-0.04
-0.035
-0.04
-0.055
-0.05
-0.04
-0.07
-0.06
-0.065
-0.06
-0.095
-0.095
-0.1
-0.065
-0.095
-0.115
-0.09
-0.085
-0.12
-0.08
-0.125
-0.115
-0.105
-0.085
-0.065
0.01
0.04
0.06
0.195
0.155
0.075
0
-0.035
-0.09
-0.185
-0.18
-0.19
-0.17
-0.235
-0.08
0.445
1.18
1.415
0.04
-0.71
-0.675
-0.41
-0.165
-0.175
-0.14
-0.13
-0.11
-0.12
-0.1
-0.085
-0.055
-0.045
-0.015
-0.005
0.025
0.055
0.1
0.13
0.175
0.185
0.235
0.25
0.265
0.265
0.27
0.255
0.215
0.17
0.11
0.06
0.04
0
-0.01
-0.025
-0.02
-0.03
-0.04
-0.04
-0.03
-0.02
-0.03
-0.035
-0.035
-0.04
-0.055
-0.045
-0.065
-0.065
-0.075
-0.07
-0.08
-0.08
-0.09
-0.08
-0.09
-0.095
-0.1
-0.095
-0.1
-0.1
-0.11
-0.105
-0.11
-0.105
-0.09
-0.025
0.03
0.015
0.095
0.13
0.085
0.005
-0.05
-0.06
-0.175
-0.21
-0.21
-0.205
-0.21
-0.245
0.065
0.89
1.575
0.785
-0.38
-0.715
-0.475
-0.225
-0.18
-0.175
-0.165
-0.155
-0.145
-0.125
-0.115
-0.09
-0.075
-0.045
-0.02
0
0.035
0.07
0.11
0.15
0.19
0.23
0.26
0.27
0.275
0.28
0.27
0.24
0.195
0.145
0.095
0.055
0.025
0
-0.005
-0.01
-0.01
-0.005
-0.005
-0.005
0
0
0
0
-0.01
-0.015
-0.02
-0.025
-0.035
-0.04
-0.05
-0.055
-0.06
-0.065
-0.065
-0.065
-0.065
-0.075
-0.065
-0.075
-0.075
-0.075
-0.075
-0.08
-0.075
-0.085
-0.07
-0.08
-0.07
-0.08
-0.08
-0.09
-0.08
-0.09
-0.08
-0.095
-0.085
-0.06
-0.01
0.035
0.03
0.125
0.14
0.09
0.015
-0.03
-0.035
-0.16
-0.185
-0.185
-0.15
-0.185
-0.195
0.15
1.065
1.715
0.38
-0.62
-0.63
-0.39
-0.16
-0.165
-0.15
-0.16
-0.135
-0.135
-0.13
-0.11
-0.085
-0.07
-0.035
-0.025
0
0.03
0.085
0.095
0.15
0.175
0.225
0.24
0.255
0.275
0.275
0.265
0.26
0.21
0.175
0.11
0.07
0.04
0.025
0
-0.01
-0.005
-0.005
-0.02
-0.01
-0.02
-0.005
0
-0.03
-0.02
-0.025
-0.015
-0.04
-0.035
-0.045
-0.055
-0.045
-0.06
-0.06
-0.055
-0.07
-0.06
-0.07
-0.06
-0.085
-0.08
-0.07
-0.065
-0.08
-0.085
-0.08
-0.105
-0.09
-0.08
-0.085
-0.1
-0.09
-0.1
-0.08
-0.02
0.005
0.03
0.09
0.17
0.125
0.04
-0.035
-0.025
-0.155
-0.195
-0.2
-0.185
-0.195
-0.205
0.115
0.78
1.265
0.595
-0.285
-0.72
-0.615
-0.33
-0.18
-0.165
-0.15
-0.14
-0.14
-0.125
-0.115
-0.085
-0.055
-0.035
-0.025
0.005
0.01
0.06
0.08
0.1
0.145
0.17
0.21
0.23
0.23
0.25
0.235
0.22
0.195
0.165
0.125
0.07
0.04
0.025
0.005
-0.005
-0.01
0
0.005
0
0
-0.005
-0.01
-0.01
-0.03
-0.03
-0.02
-0.02
-0.05
-0.05
-0.065
-0.055
-0.065
-0.065
-0.07
-0.07
-0.08
-0.085
-0.085
-0.08
-0.075
-0.065
-0.09
-0.105
-0.07
-0.105
-0.075
-0.095
-0.07
-0.095
-0.085
-0.09
-0.07
-0.07
-0.005
0.02
0.045
0.135
0.2
0.115
0.03
-0.03
-0.035
-0.17
-0.175
-0.175
-0.17
-0.205
-0.165
0.265
1.075
1.57
0.21
-0.57
-0.71
-0.51
-0.24
-0.17
-0.155
-0.145
-0.135
-0.125
-0.105
-0.11
-0.055
-0.075
-0.015
-0.03
0.025
0.03
0.06
0.1
0.155
0.17
0.225
0.24
0.275
0.255
0.25
0.25
0.22
0.185
0.14
0.08
0.06
0.01
0
-0.01
-0.035
-0.015
-0.02
-0.02
-0.015
-0.005
0
-0.03
-0.015
-0.03
-0.04
-0.035
-0.05
-0.055
-0.06
-0.075
-0.08
-0.09
-0.07
-0.075
-0.08
-0.095
-0.085
-0.1
-0.09
-0.1
-0.1
-0.12
-0.135
-0.1
-0.015
0.01
0.035
0.12
0.17
0.085
-0.005
-0.06
-0.055
-0.195
-0.215
-0.22
-0.2
-0.25
-0.145
0.31
1.2
1.645
0.055
-0.75
-0.795
-0.505
-0.24
-0.21
-0.14
-0.17
-0.14
-0.165
-0.12
-0.115
-0.075
-0.075
-0.05
0
-0.02
0.045
0.065
0.115
0.165
0.19
0.245
0.255
0.25
0.26
0.285
0.265
0.185
0.17
0.095
0.055
0.03
-0.05
-0.025
-0.06
-0.045
-0.06
-0.07
-0.065
-0.05
-0.05
-0.055
-0.04
-0.045
-0.05
-0.05
-0.07
-0.095
-0.075
-0.08
-0.095
-0.085
-0.1
-0.095
-0.125
-0.1
-0.1
-0.09
-0.055
0.015
0.02
0.06
0.16
0.14
0.035
-0.025
-0.035
-0.125
-0.215
-0.21
-0.19
-0.205
-0.265
-0.005
0.745
1.48
1.13
-0.275
-0.855
-0.65
-0.355
-0.175
-0.175
-0.155
-0.15
-0.15
-0.135
-0.12
-0.075
-0.085
-0.055
-0.02
0
0.01
0.065
0.095
0.12
0.21
0.23
0.265
0.285
0.29
0.3
0.275
0.24
0.18
0.14
0.07
0.005
-0.01
-0.03
-0.065
-0.07
-0.07
-0.075
-0.08
-0.06
-0.06
-0.06
-0.055
-0.055
-0.055
-0.06
-0.07
-0.08
-0.08
-0.08
-0.11
-0.1
-0.11
-0.095
-0.11
-0.125
-0.135
-0.085
-0.06
0.005
0.015
0.045
0.145
0.135
0.03
-0.03
-0.065
-0.12
-0.225
-0.22
-0.225
-0.215
-0.255
-0.05
0.615
1.465
1.475
-0.185
-0.885
-0.615
-0.335
-0.17
-0.175
-0.16
-0.15
-0.14
-0.155
-0.13
-0.115
-0.06
-0.07
-0.04
-0.025
0.02
0.04
0.09
0.12
0.18
0.225
0.255
0.285
0.3
0.3
0.29
0.235
0.2
0.14
0.09
0.035
0.005
-0.025
-0.04
-0.05
-0.04
-0.045
-0.045
-0.04
-0.04
-0.045
-0.045
-0.05
-0.04
-0.065
-0.055
-0.065
-0.07
-0.08
-0.08
-0.095
-0.075
-0.09
-0.105
-0.115
-0.105
-0.125
-0.1
-0.115
-0.105
-0.07
-0.005
0.03
0.035
0.125
0.145
0.08
0.025
-0.05
-0.06
-0.19
-0.2
-0.21
-0.205
-0.225
-0.235
0.155
1.09
1.75
0.42
-0.575
-0.67
-0.42
-0.175
-0.175
-0.155
-0.165
-0.145
-0.155
-0.12
-0.125
-0.085
-0.08
-0.045
-0.04
0
0.025
0.065
0.09
0.15
0.18
0.225
0.24
0.265
0.275
0.28
0.26
0.235
0.18
0.125
0.07
0.03
0
-0.02
-0.03
-0.03
-0.035
-0.03
-0.03
-0.035
-0.025
-0.035
-0.035
-0.03
-0.04
-0.055
-0.06
-0.08
-0.075
-0.08
-0.08
-0.09
-0.09
-0.105
-0.1
-0.105
-0.1
-0.105
-0.1
-0.105
-0.1
-0.075
-0.005
0.04
0.005
0.115
0.135
0.1
0.005
-0.06
-0.07
-0.18
-0.215
-0.215
-0.2
-0.205
-0.245
0.06
0.89
1.58
0.7
-0.47
-0.685
-0.41
-0.19
-0.185
-0.175
-0.17
-0.15
-0.14
-0.13
-0.12
-0.095
-0.07
-0.045
-0.025
-0.005
0.025
0.05
0.085
0.135
0.18
0.21
0.24
0.27
0.26
0.27
0.27
0.24
0.19
0.14
0.095
0.055
0.015
-0.005
-0.005
-0.01
-0.01
-0.02
-0.015
-0.01
-0.02
-0.025
-0.02
-0.035
-0.03
-0.025
-0.055
-0.055
-0.055
-0.065
-0.07
-0.06
-0.075
-0.08
-0.095
-0.08
-0.095
-0.09
-0.09
-0.095
-0.1
-0.09
-0.11
-0.085
-0.06
-0.015
0.03
0.045
0.13
0.16
0.095
0.045
-0.035
-0.04
-0.175
-0.19
-0.195
-0.195
-0.2
-0.21
0.125
0.865
1.45
0.45
-0.48
-0.72
-0.535
-0.235
-0.18
-0.17
-0.16
-0.16
-0.145
-0.14
-0.125
-0.08
-0.085
-0.06
-0.04
0.005
0.02
0.045
0.085
0.135
0.155
0.195
0.215
0.23
0.27
0.265
0.26
0.235
0.175
0.16
0.09
0.05
0.02
0.01
-0.015
-0.025
-0.015
-0.02
-0.005
-0.03
-0.005
-0.015
-0.03
-0.02
-0.03
-0.01
-0.045
-0.065
-0.07
-0.075
-0.055
-0.07
-0.085
-0.065
-0.1
-0.06
-0.105
-0.08
-0.095
-0.095
-0.1
-0.09
-0.11
-0.085
-0.07
-0.005
0.025
0.055
0.14
0.155
0.09
0.02
-0.035
-0.075
-0.165
-0.195
-0.21
-0.205
-0.225
-0.17
0.22
1.055
1.545
0.19
-0.65
-0.765
-0.535
-0.235
-0.195
-0.135
-0.16
-0.135
-0.14
-0.12
-0.095
-0.08
-0.065
-0.035
-0.01
0
0.02
0.06
0.1
0.14
0.16
0.21
0.225
0.23
0.265
0.24
0.24
0.225
0.165
0.12
0.085
0.04
0
0
-0.025
-0.01
-0.025
-0.05
-0.01
-0.025
-0.03
-0.01
-0.04
-0.04
-0.04
-0.025
-0.065
-0.055
-0.075
-0.065
-0.085
-0.08
-0.07
-0.085
-0.1
-0.09
-0.09
-0.1
-0.11
-0.1
-0.09
-0.07
-0.045
0
0.035
0.06
0.185
0.16
0.065
0.03
-0.04
-0.11
-0.18
-0.195
-0.205
-0.185
-0.24
-0.05
0.58
1.33
1.29
-0.15
-0.84
-0.705
-0.395
-0.19
-0.175
-0.155
-0.185
-0.125
-0.145
-0.12
-0.09
-0.075
-0.05
-0.035
-0.01
0.025
0.03
0.105
0.115
0.165
0.2
0.235
0.26
0.265
0.265
0.285
0.24
0.2
0.16
0.11
0.07
0.015
-0.01
-0.015
-0.025
-0.04
-0.03
-0.02
-0.03
-0.025
-0.02
-0.03
-0.035
-0.03
-0.04
-0.05
-0.065
-0.055
-0.065
-0.065
-0.085
-0.08
-0.105
-0.085
-0.095
-0.085
-0.115
-0.1
-0.115
-0.09
-0.125
-0.105
-0.065
0
0.02
0.055
0.165
0.14
0.05
0
-0.045
-0.095
-0.195
-0.205
-0.225
-0.195
-0.23
-0.095
0.455
1.345
1.605
-0.075
-0.845
-0.635
-0.365
-0.16
-0.17
-0.15
-0.16
-0.135
-0.13
-0.105
-0.1
-0.07
-0.055
-0.03
-0.015
0.02
0.055
0.085
0.105
0.175
0.195
0.235
0.255
0.255
0.27
0.27
0.25
0.22
0.18
0.12
0.065
0.035
0.015
0
-0.015
-0.01
-0.02
-0.005
-0.005
-0.005
0
0
-0.005
-0.02
-0.02
-0.015
-0.03
-0.045
-0.05
-0.065
-0.075
-0.065
-0.07
-0.085
-0.08
-0.08
-0.085
-0.075
-0.08
-0.095
-0.09
-0.085
-0.075
-0.095
-0.095
-0.095
-0.095
-0.1
-0.11
-0.08
-0.025
0.025
0.02
0.095
0.155
0.11
0.015
-0.025
-0.035
-0.15
-0.19
-0.195
-0.195
-0.2
-0.235
0.065
0.87
1.575
0.8
-0.395
-0.74
-0.48
-0.22
-0.175
-0.165
-0.145
-0.135
-0.14
-0.12
-0.11
-0.08
-0.065
-0.05
-0.03
0
0.02
0.055
0.08
0.115
0.16
0.19
0.215
0.24
0.245
0.25
0.25
0.235
0.205
0.165
0.125
0.08
0.045
0.03
0.015
0.01
0.01
0.005
0.01
0.005
0.01
0
0
-0.005
-0.015
-0.015
-0.02
-0.03
-0.04
-0.04
-0.05
-0.05
-0.055
-0.055
-0.065
-0.065
-0.06
-0.06
-0.06
-0.07
-0.075
-0.065
-0.07
-0.065
-0.07
-0.07
-0.08
-0.075
-0.08
-0.07
-0.08
-0.075
-0.085
-0.075
-0.09
-0.075
-0.09
-0.075
-0.09
-0.075
-0.055
0
0.035
0.035
0.125
0.155
0.095
0.015
-0.03
-0.03
-0.155
-0.17
-0.185
-0.175
-0.195
-0.185
0.19
1.105
1.685
0.195
-0.65
-0.62
-0.385
-0.145
-0.155
-0.135
-0.145
-0.125
-0.135
-0.115
-0.11
-0.065
-0.055
-0.03
-0.02
0.015
0.04
0.08
0.095
0.13
0.15
0.19
0.21
0.215
0.22
0.235
0.23
0.225
0.195
0.17
0.13
0.09
0.055
0.04
0.02
0.01
0.01
0.005
0.015
0.01
0.01
0
0
0
0
-0.015
-0.02
-0.03
-0.035
-0.045
-0.045
-0.055
-0.04
-0.055
-0.05
-0.055
-0.04
-0.065
-0.06
-0.06
-0.05
-0.07
-0.065
-0.07
-0.055
-0.08
-0.065
-0.085
-0.06
-0.085
-0.075
-0.095
-0.065
-0.045
0.005
0.05
0.065
0.165
0.17
0.095
0.025
-0.04
-0.035
-0.17
-0.17
-0.2
-0.17
-0.195
-0.135
0.265
1.065
1.555
0.07
-0.695
-0.655
-0.415
-0.17
-0.16
-0.145
-0.145
-0.125
-0.14
-0.1
-0.11
-0.08
-0.065
-0.02
-0.015
0.015
0.025
0.065
0.105
0.125
0.16
0.18
0.2
0.23
0.205
0.23
0.215
0.205
0.165
0.15
0.09
0.06
0.03
0.015
0.015
0
0
0
-0.01
0.005
-0.005
0
-0.025
-0.025
-0.03
-0.04
-0.04
-0.045
-0.055
-0.055
-0.06
-0.055
-0.065
-0.07
-0.07
-0.08
-0.08
-0.075
-0.08
-0.085
-0.095
-0.08
-0.085
-0.1
-0.085
-0.09
-0.1
-0.1
-0.1
-0.025
0.015
0.02
0.08
0.185
0.12
0.055
-0.015
-0.025
-0.145
-0.17
-0.2
-0.195
-0.19
-0.235
0.06
0.73
1.305
0.725
-0.235
-0.72
-0.615
-0.33
-0.18
-0.155
-0.16
-0.135
-0.14
-0.11
-0.1
-0.08
-0.065
-0.04
-0.01
0.01
0.03
0.05
0.075
0.125
0.15
0.17
0.195
0.215
0.215
0.235
0.22
0.225
0.19
0.145
0.125
0.085
0.065
0.005
-0.005
0
0.01
0.005
-0.005
-0.03
-0.025
-0.01
-0.015
-0.015
-0.045
-0.04
-0.03
-0.045
-0.065
-0.075
-0.06
-0.06
-0.08
-0.075
-0.085
-0.065
-0.08
-0.09
-0.085
-0.065
-0.09
-0.085
-0.1
-0.09
-0.09
-0.09
-0.095
-0.03
0.04
0.035
0.085
0.2
0.145
0.05
-0.01
-0.025
-0.13
-0.15
-0.2
-0.19
-0.17
-0.215
0.065
0.83
1.44
0.705
-0.32
-0.775
-0.61
-0.325
-0.18
-0.145
-0.155
-0.13
-0.13
-0.12
-0.1
-0.075
-0.075
-0.035
-0.035
0.005
0.03
0.05
0.07
0.125
0.15
0.205
0.2
0.215
0.235
0.225
0.235
0.205
0.19
0.15
0.095
0.075
0.035
0.015
0
-0.015
-0.005
-0.015
-0.02
0
-0.015
-0.01
-0.02
-0.025
-0.035
-0.02
-0.04
-0.055
-0.055
-0.055
-0.06
-0.07
-0.065
-0.07
-0.065
-0.065
-0.085
-0.065
-0.075
-0.095
-0.095
-0.09
-0.085
-0.1
-0.085
-0.075
-0.025
0.02
0.03
0.085
0.195
0.145
0.045
-0.015
-0.04
-0.135
-0.2
-0.22
-0.2
-0.205
-0.26
0.04
0.775
1.44
0.905
-0.28
-0.79
-0.6
-0.315
-0.17
-0.165
-0.16
-0.14
-0.14
-0.135
-0.125
-0.09
-0.075
-0.04
-0.03
0.005
0.025
0.04
0.085
0.115
0.155
0.2
0.22
0.23
0.24
0.25
0.26
0.245
0.2
0.16
0.115
0.07
0.04
0.01
0
-0.005
-0.01
-0.015
0
0
-0.005
-0.015
-0.005
-0.015
-0.025
-0.035
-0.035
-0.045
-0.05
-0.06
-0.06
-0.075
-0.06
-0.08
-0.07
-0.075
-0.075
-0.095
-0.075
-0.09
-0.08
-0.095
-0.08
-0.095
-0.08
-0.1
-0.09
-0.065
0
0.04
0.045
0.16
0.15
0.07
0.02
-0.04
-0.065
-0.19
-0.185
-0.2
-0.19
-0.22
-0.155
0.295
1.22
1.71
0.065
-0.73
-0.63
-0.395
-0.15
-0.17
-0.155
-0.165
-0.14
-0.14
-0.11
-0.105
-0.075
-0.065
-0.03
-0.02
0.01
0.035
0.075
0.1
0.145
0.17
0.2
0.21
0.22
0.22
0.23
0.22
0.205
0.165
0.135
0.095
0.055
0.025
0.01
0.005
0
-0.005
0
0.005
0.005
0
0
-0.005
-0.015
-0.02
-0.03
-0.03
-0.04
-0.045
-0.055
-0.055
-0.06
-0.06
-0.065
-0.065
-0.075
-0.07
-0.08
-0.075
-0.085
-0.075
-0.085
-0.08
-0.09
-0.095
-0.105
-0.095
-0.105
-0.1
-0.07
-0.005
0.03
0.02
0.11
0.15
0.105
0.02
-0.035
-0.04
-0.16
-0.19
-0.2
-0.185
-0.19
-0.225
0.085
0.915
1.56
0.55
-0.5
-0.695
-0.44
-0.18
-0.17
-0.16
-0.155
-0.135
-0.135
-0.12
-0.11
-0.085
-0.065
-0.04
-0.02
0.005
0.025
0.06
0.085
0.12
0.155
0.18
0.195
0.205
0.195
0.21
0.21
0.2
0.175
0.155
0.11
0.075
0.05
0.025
0.01
0.01
0
0
0.01
0.005
0
0
-0.01
-0.02
-0.02
-0.025
-0.02
-0.035
-0.04
-0.045
-0.055
-0.06
-0.06
-0.065
-0.065
-0.075
-0.065
-0.08
-0.07
-0.075
-0.065
-0.075
-0.085
-0.085
-0.07
-0.085
-0.08
-0.095
-0.07
-0.095
-0.08
-0.055
0
0.03
0.05
0.15
0.165
0.115
0.035
-0.03
-0.045
-0.165
-0.165
-0.185
-0.175
-0.2
-0.18
0.175
0.96
1.48
0.235
-0.55
-0.675
-0.455
-0.19
-0.17
-0.145
-0.165
-0.125
-0.13
-0.1
-0.1
-0.08
-0.075
-0.04
-0.03
0.005
0.015
0.055
0.07
0.105
0.125
0.16
0.175
0.19
0.18
0.2
0.21
0.195
0.165
0.155
0.11
0.08
0.035
0.035
0.025
0.015
0
0
0
0.005
0
-0.005
-0.01
-0.02
-0.015
-0.035
-0.045
-0.045
-0.045
-0.04
-0.06
-0.075
-0.065
-0.06
-0.065
-0.07
-0.07
-0.08
-0.07
-0.07
-0.075
-0.09
-0.09
-0.075
-0.09
-0.08
-0.1
-0.085
-0.09
-0.075
-0.115
-0.09
-0.07
-0.02
0.015
0.025
0.13
0.17
0.095
0.015
-0.04
-0.055
-0.185
-0.185
-0.205
-0.175
-0.22
-0.165
0.245
1.005
1.455
0.175
-0.56
-0.705
-0.5
-0.23
-0.185
-0.155
-0.155
-0.135
-0.145
-0.11
-0.105
-0.075
-0.075
-0.035
-0.035
0
0.015
0.055
0.07
0.105
0.125
0.155
0.16
0.185
0.195
0.21
0.195
0.175
0.16
0.135
0.1
0.06
0.035
0.015
0.01
-0.005
-0.01
-0.005
0
0
-0.015
-0.015
-0.02
-0.035
-0.045
-0.05
-0.045
-0.06
-0.07
-0.08
-0.07
-0.075
-0.08
-0.085
-0.085
-0.09
-0.085
-0.085
-0.095
-0.1
-0.09
-0.1
-0.095
-0.105
-0.1
-0.1
-0.1
-0.11
-0.095
-0.055
0.01
0.02
0.055
0.17
0.12
0.04
-0.02
-0.04
-0.13
-0.2
-0.195
-0.2
-0.195
-0.245
0
0.645
1.3
0.99
-0.205
-0.735
-0.56
-0.3
-0.16
-0.16
-0.14
-0.14
-0.125
-0.115
-0.095
-0.085
-0.06
-0.045
-0.02
0
0.03
0.05
0.085
0.115
0.145
0.175
0.2
0.205
0.21
0.22
0.22
0.21
0.185
0.15
0.105
0.07
0.04
0.02
0.005
0
0
-0.005
0
-0.005
0
0
0
-0.01
-0.015
-0.025
-0.03
-0.035
-0.04
-0.05
-0.05
-0.055
-0.06
-0.07
-0.065
-0.075
-0.065
-0.07
-0.065
-0.08
-0.07
-0.08
-0.075
-0.085
-0.075
-0.085
-0.08
-0.085
-0.075
-0.095
-0.08
-0.095
-0.08
-0.095
-0.085
-0.105
-0.085
-0.07
-0.01
0.025
0.03
0.11
0.15
0.095
0.02
-0.035
-0.03
-0.165
-0.18
-0.19
-0.165
-0.2
-0.19
0.18
1.085
1.64
0.19
-0.64
-0.625
-0.39
-0.15
-0.16
-0.14
-0.15
-0.13
-0.135
-0.105
-0.115
-0.075
-0.07
-0.03
-0.015
0.015
0.03
0.06
0.085
0.125
0.15
0.185
0.195
0.21
0.205
0.21
0.205
0.2
0.17
0.145
0.11
0.08
0.05
0.025
0.015
0.01
0.01
0.015
0.01
0.015
0.015
0.015
0.005
0
0
-0.005
-0.015
-0.02
-0.03
-0.025
-0.035
-0.035
-0.04
-0.04
-0.045
-0.045
-0.055
-0.055
-0.06
-0.055
-0.06
-0.055
-0.065
-0.065
-0.065
-0.065
-0.07
-0.06
-0.075
-0.065
-0.075
-0.065
-0.075
-0.07
-0.08
-0.065
-0.08
-0.07
-0.08
-0.08
-0.065
-0.01
0.035
0.04
0.105
0.18
0.12
0.03
-0.025
-0.02
-0.145
-0.18
-0.19
-0.185
-0.19
-0.205
0.12
0.9
1.44
0.32
-0.53
-0.675
-0.455
-0.19
-0.17
-0.155
-0.155
-0.135
-0.145
-0.12
-0.11
-0.075
-0.065
-0.035
-0.03
0.01
0.025
0.06
0.075
0.11
0.145
0.17
0.185
0.195
0.2
0.215
0.2
0.205
0.19
0.16
0.11
0.08
0.055
0.03
0.015
0.01
-0.01
0.01
0.01
0
-0.005
0
0
0
-0.02
-0.03
-0.03
-0.035
-0.05
-0.04
-0.045
-0.06
-0.06
-0.05
-0.055
-0.05
-0.065
-0.055
-0.06
-0.06
-0.055
-0.07
-0.075
-0.065
-0.075
-0.075
-0.085
-0.07
-0.07
-0.07
-0.1
-0.055
-0.09
-0.075
-0.065
-0.025
0.025
0.05
0.12
0.21
0.125
0.045
-0.03
-0.025
-0.16
-0.17
-0.195
-0.16
-0.2
-0.17
0.215
0.915
1.395
0.32
-0.405
-0.7
-0.545
-0.245
-0.16
-0.125
-0.15
-0.11
-0.14
-0.095
-0.085
-0.055
-0.06
-0.015
-0.01
0.03
0.04
0.045
0.095
0.13
0.125
0.185
0.19
0.205
0.2
0.21
0.22
0.215
0.19
0.15
0.12
0.08
0.055
0.04
0.02
0
-0.01
0
0.005
-0.01
-0.01
-0.005
-0.005
-0.02
-0.025
-0.01
-0.045
-0.04
-0.04
-0.055
-0.07
-0.065
-0.075
-0.075
-0.07
-0.07
-0.075
-0.085
-0.075
-0.065
-0.085
-0.1
-0.08
-0.09
-0.085
-0.095
-0.1
-0.035
0.01
0.03
0.075
0.215
0.14
0.06
0
-0.035
-0.11
-0.18
-0.215
-0.18
-0.19
-0.24
0.04
0.715
1.285
0.81
-0.2
-0.755
-0.675
-0.36
-0.18
-0.16
-0.16
-0.145
-0.135
-0.115
-0.12
-0.1
-0.07
-0.055
-0.05
0
0.02
0.05
0.09
0.105
0.155
0.155
0.195
0.225
0.22
0.24
0.215
0.225
0.175
0.145
0.105
0.065
0.03
-0.015
-0.01
-0.015
-0.035
-0.005
-0.01
-0.025
-0.045
-0.02
-0.035
-0.05
-0.04
-0.055
-0.06
-0.075
-0.07
-0.085
-0.08
-0.09
-0.095
-0.09
-0.1
-0.085
-0.095
-0.09
-0.105
-0.105
-0.11
-0.12
-0.095
-0.055
0.005
0.02
0.055
0.17
0.145
0.045
-0.025
-0.04
-0.125
-0.195
-0.2
-0.21
-0.2
-0.25
0.025
0.72
1.365
0.965
-0.24
-0.765
-0.625
-0.34
-0.165
-0.16
-0.155
-0.145
-0.125
-0.13
-0.12
-0.085
-0.075
-0.055
-0.02
0
0.025
0.055
0.085
0.135
0.165
0.2
0.21
0.245
0.25
0.25
0.265
0.24
0.185
0.145
0.09
0.035
0.005
-0.01
-0.02
-0.025
-0.04
-0.045
-0.04
-0.035
-0.03
-0.025
-0.045
-0.045
-0.055
-0.055
-0.07
-0.07
-0.08
-0.07
-0.09
-0.1
-0.1
-0.095
-0.11
-0.1
-0.105
-0.095
-0.11
-0.115
-0.12
-0.105
-0.12
-0.09
-0.06
0
0.01
0.04
0.16
0.11
0.02
-0.005
-0.05
-0.1
-0.205
-0.205
-0.215
-0.195
-0.245
-0.09
0.47
1.33
1.515
-0.125
-0.81
-0.575
-0.325
-0.15
-0.17
-0.145
-0.15
-0.13
-0.135
-0.115
-0.105
-0.075
-0.055
-0.025
-0.015
0.02
0.04
0.075
0.105
0.155
0.18
0.215
0.235
0.25
0.25
0.255
0.22
0.205
0.16
0.11
0.075
0.02
-0.01
-0.02
-0.025
-0.025
-0.03
-0.03
-0.02
-0.025
-0.015
-0.005
-0.02
-0.03
-0.035
-0.02
-0.035
-0.04
-0.07
-0.065
-0.05
-0.06
-0.06
-0.06
-0.045
-0.075
-0.07
-0.07
-0.08
-0.085
-0.06
-0.09
-0.085
-0.09
-0.07
-0.1
-0.085
-0.075
-0.015
0.04
0.02
0.105
0.185
0.115
0.015
-0.04
-0.035
-0.16
-0.185
-0.19
-0.185
-0.195
-0.22
0.13
0.94
1.525
0.475
-0.465
-0.73
-0.53
-0.24
-0.16
-0.165
-0.14
-0.14
-0.14
-0.1
-0.11
-0.08
-0.065
-0.02
-0.02
0.005
0.03
0.06
0.08
0.125
0.16
0.205
0.22
0.225
0.23
0.26
0.25
0.245
0.2
0.165
0.115
0.085
0.045
0.01
0.015
-0.005
0
-0.015
-0.015
0.01
-0.015
-0.005
0
-0.025
-0.01
-0.04
-0.035
-0.045
-0.05
-0.05
-0.055
-0.075
-0.06
-0.07
-0.07
-0.08
-0.095
-0.08
-0.07
-0.085
-0.11
-0.085
-0.095
-0.1
-0.09
-0.095
-0.115
-0.1
-0.085
-0.05
0.02
0.03
0.065
0.19
0.13
0.055
-0.01
-0.02
-0.13
-0.185
-0.2
-0.19
-0.18
-0.23
0.055
0.75
1.375
0.88
-0.245
-0.765
-0.61
-0.335
-0.18
-0.155
-0.15
-0.145
-0.13
-0.11
-0.105
-0.085
-0.07
-0.05
-0.03
0
0.02
0.05
0.075
0.125
0.15
0.175
0.205
0.215
0.23
0.25
0.225
0.215
0.21
0.145
0.105
0.05
0.03
0.02
0
-0.01
0
-0.005
-0.02
-0.01
-0.005
-0.005
-0.02
-0.01
0
-0.02
-0.025
-0.04
-0.05
-0.045
-0.045
-0.055
-0.06
-0.065
-0.07
-0.065
-0.08
-0.065
-0.085
-0.08
-0.09
-0.075
-0.105
-0.09
-0.095
-0.095
-0.105
-0.085
-0.075
-0.005
0.03
0.025
0.12
0.155
0.1
0.025
-0.04
-0.05
-0.16
-0.185
-0.2
-0.17
-0.215
-0.23
0.16
1.05
1.665
0.345
-0.56
-0.68
-0.455
-0.19
-0.175
-0.14
-0.15
-0.12
-0.135
-0.105
-0.105
-0.07
-0.055
-0.02
-0.02
0.005
0.03
0.07
0.1
0.145
0.18
0.215
0.24
0.26
0.255
0.27
0.255
0.235
0.2
0.155
0.105
0.065
0.03
0.01
-0.005
-0.015
-0.02
-0.005
-0.01
0
0
-0.005
-0.005
0
-0.015
-0.025
-0.015
-0.025
-0.04
-0.04
-0.055
-0.06
-0.06
-0.065
-0.065
-0.075
-0.075
-0.08
-0.07
-0.065
-0.065
-0.06
-0.08
-0.08
-0.09
-0.08
-0.08
-0.07
-0.09
-0.08
-0.105
-0.085
-0.065
-0.015
0.035
0.05
0.115
0.185
0.105
0.03
-0.035
-0.025
-0.14
-0.19
-0.2
-0.165
-0.19
-0.22
0.14
0.99
1.6
0.44
-0.5
-0.68
-0.45
-0.19
-0.165
-0.145
-0.15
-0.12
-0.145
-0.1
-0.095
-0.09
-0.07
-0.04
-0.025
0.02
0.01
0.055
0.08
0.135
0.165
0.195
0.215
0.24
0.26
0.26
0.255
0.235
0.205
0.165
0.105
0.07
0.035
0.005
-0.015
-0.02
0
-0.02
-0.015
-0.02
-0.01
0
-0.035
-0.02
-0.01
-0.02
-0.04
-0.035
-0.04
-0.075
-0.055
-0.055
-0.075
-0.055
-0.07
-0.08
-0.08
-0.09
-0.095
-0.075
-0.085
-0.095
-0.085
-0.085
-0.085
-0.09
-0.085
-0.085
-0.09
-0.095
-0.07
-0.04
0.01
0.01
0.065
0.19
0.135
0.07
-0.01
-0.03
-0.12
-0.18
-0.2
-0.19
-0.185
-0.235
0.03
0.68
1.325
0.94
-0.215
-0.755
-0.61
-0.33
-0.165
-0.155
-0.16
-0.14
-0.125
-0.105
-0.105
-0.09
-0.07
-0.06
-0.03
0.005
0.035
0.06
0.075
0.12
0.15
0.195
0.21
0.23
0.245
0.25
0.245
0.245
0.2
0.15
0.11
0.07
0.03
0.005
-0.015
-0.025
-0.025
-0.01
-0.025
-0.025
-0.02
-0.02
-0.015
-0.025
-0.025
-0.05
-0.04
-0.05
-0.065
-0.055
-0.075
-0.07
-0.075
-0.085
-0.085
-0.085
-0.085
-0.08
-0.105
-0.085
-0.11
-0.09
-0.11
-0.105
-0.1
-0.09
-0.1
-0.09
-0.105
-0.09
-0.06
0.005
0.02
0.05
0.17
0.145
0.06
0.01
-0.045
-0.095
-0.2
-0.18
-0.215
-0.18
-0.235
-0.075
0.48
1.26
1.435
-0.05
-0.775
-0.65
-0.38
-0.165
-0.175
-0.135
-0.155
-0.135
-0.135
-0.115
-0.105
-0.075
-0.055
-0.03
-0.01
0.015
0.045
0.075
0.1
0.155
0.185
0.225
0.25
0.255
0.255
0.27
0.24
0.215
0.17
0.12
0.075
0.045
0.01
-0.005
-0.01
-0.01
-0.025
-0.02
-0.02
-0.015
-0.005
-0.015
-0.01
-0.025
-0.015
-0.015
-0.04
-0.055
-0.06
-0.055
-0.06
-0.075
-0.08
-0.08
-0.065
-0.065
-0.08
-0.075
-0.09
-0.085
-0.075
-0.07
-0.085
-0.075
-0.095
-0.095
-0.085
-0.085
-0.105
-0.09
-0.105
-0.095
-0.095
-0.02
0.025
0.01
0.065
0.16
0.11
0.025
-0.025
-0.03
-0.155
-0.19
-0.195
-0.2
-0.195
-0.25
0.07
0.88
1.5
0.7
-0.38
-0.75
-0.53
-0.27
-0.165
-0.155
-0.15
-0.135
-0.115
-0.11
-0.1
-0.085
-0.08
-0.05
-0.025
0.015
0.015
0.045
0.08
0.135
0.16
0.2
0.205
0.24
0.255
0.26
0.24
0.23
0.195
0.165
0.12
0.07
0.03
0.015
0
-0.01
-0.005
-0.025
-0.01
-0.005
0.01
-0.01
-0.015
0.005
-0.01
-0.025
-0.04
-0.03
-0.045
-0.055
-0.055
-0.06
-0.065
-0.05
-0.075
-0.08
-0.095
-0.08
-0.085
-0.075
-0.095
-0.08
-0.095
-0.105
-0.105
-0.095
-0.11
-0.09
-0.125
-0.085
-0.085
-0.025
0.025
0.03
0.115
0.165
0.085
0.02
-0.035
-0.055
-0.185
-0.17
-0.22
-0.19
-0.22
-0.15
0.28
1.135
1.645
0.15
-0.67
-0.73
-0.475
-0.205
-0.18
-0.15
-0.165
-0.13
-0.115
-0.09
-0.1
-0.06
-0.06
-0.015
-0.015
0.035
0.05
0.09
0.115
0.155
0.205
0.235
0.245
0.275
0.275
0.275
0.26
0.255
0.2
0.17
0.11
0.075
0.03
0.02
0
-0.005
0
-0.01
0
0
-0.005
0
-0.005
0
-0.02
-0.04
-0.025
-0.03
-0.055
-0.05
-0.05
-0.055
-0.06
-0.055
-0.085
-0.075
-0.08
-0.065
-0.09
-0.095
-0.095
-0.085
-0.1
-0.085
-0.1
-0.085
-0.115
-0.1
-0.115
-0.1
-0.085
-0.005
0.02
0.025
0.13
0.15
0.08
0.025
-0.04
-0.065
-0.19
-0.19
-0.215
-0.185
-0.235
-0.17
0.275
1.185
1.745
0.165
-0.7
-0.675
-0.445
-0.18
-0.17
-0.165
-0.17
-0.135
-0.14
-0.105
-0.095
-0.08
-0.08
-0.035
-0.025
0.025
0.025
0.065
0.115
0.155
0.17
0.235
0.245
0.27
0.27
0.28
0.275
0.245
0.2
0.16
0.105
0.065
0.045
0
-0.005
-0.015
-0.015
0
-0.015
-0.015
-0.015
-0.02
-0.015
-0.01
-0.015
-0.03
-0.025
-0.03
-0.045
-0.055
-0.055
-0.065
-0.07
-0.07
-0.075
-0.075
-0.065
-0.085
-0.07
-0.085
-0.08
-0.105
-0.1
-0.095
-0.075
-0.1
-0.095
-0.095
-0.085
-0.105
-0.095
-0.065
-0.015
0.02
0.025
0.135
0.145
0.085
0.025
-0.04
-0.06
-0.19
-0.19
-0.21
-0.165
-0.215
-0.165
0.265
1.17
1.73
0.155
-0.695
-0.67
-0.425
-0.175
-0.175
-0.155
-0.14
-0.125
-0.135
-0.1
-0.105
-0.075
-0.06
-0.015
-0.015
0.015
0.055
0.07
0.1
0.17
0.205
0.235
0.245
0.28
0.28
0.295
0.27
0.255
0.21
0.14
0.09
0.065
0.03
0
-0.01
-0.01
0
-0.015
-0.005
-0.025
-0.02
0
-0.01
0
-0.025
-0.05
-0.035
-0.035
-0.045
-0.055
-0.06
-0.07
-0.06
-0.075
-0.065
-0.075
-0.08
-0.075
-0.07
-0.08
-0.08
-0.085
-0.085
-0.1
-0.075
-0.09
-0.08
-0.11
-0.08
-0.085
-0.1
-0.085
-0.02
0.035
0.06
0.095
0.18
0.11
0.05
-0.01
-0.05
-0.17
-0.16
-0.19
-0.18
-0.2
-0.225
0.17
1.015
1.61
0.395
-0.505
-0.735
-0.52
-0.245
-0.18
-0.155
-0.17
-0.125
-0.145
-0.105
-0.105
-0.08
-0.075
-0.045
-0.035
0
0.02
0.06
0.07
0.13
0.16
0.205
0.24
0.255
0.235
0.25
0.255
0.245
0.215
0.155
0.115
0.06
0.035
0.01
-0.02
0
-0.025
-0.01
-0.005
-0.015
0
-0.005
0
-0.02
-0.03
-0.03
-0.035
-0.045
-0.06
-0.06
-0.06
-0.06
-0.08
-0.07
-0.08
-0.085
-0.065
-0.1
-0.115
-0.09
-0.095
-0.095
-0.09
-0.105
-0.09
-0.095
-0.1
-0.11
-0.09
-0.03
0
0.035
0.05
0.185
0.15
0.045
-0.02
-0.025
-0.115
-0.195
-0.19
-0.195
-0.19
-0.255
0.045
0.795
1.46
0.92
-0.26
-0.775
-0.605
-0.31
-0.17
-0.16
-0.155
-0.14
-0.135
-0.11
-0.12
-0.08
-0.075
-0.045
-0.025
0
0.025
0.06
0.09
0.125
0.165
0.21
0.23
0.245
0.275
0.27
0.255
0.235
0.21
0.145
0.11
0.065
0.02
0
-0.005
-0.03
-0.045
-0.035
-0.025
-0.015
-0.03
-0.02
-0.025
-0.025
-0.03
-0.04
-0.045
-0.05
-0.055
-0.06
-0.06
-0.06
-0.09
-0.095
-0.075
-0.09
-0.09
-0.09
-0.09
-0.085
-0.095
-0.11
-0.095
-0.115
-0.105
-0.105
-0.1
-0.095
-0.095
-0.04
0.01
0.01
0.065
0.17
0.11
0.02
-0.03
-0.05
-0.15
-0.215
-0.21
-0.21
-0.205
-0.26
0.015
0.75
1.475
1.04
-0.26
-0.77
-0.535
-0.26
-0.175
-0.175
-0.15
-0.145
-0.14
-0.135
-0.11
-0.09
-0.065
-0.045
-0.03
0
0.015
0.05
0.09
0.12
0.165
0.2
0.22
0.25
0.27
0.265
0.27
0.255
0.225
0.18
0.13
0.075
0.045
0.02
0
0
-0.005
-0.02
0
0
0
-0.005
0
-0.015
-0.01
-0.01
-0.03
-0.035
-0.045
-0.045
-0.045
-0.055
-0.065
-0.07
-0.085
-0.075
-0.08
-0.08
-0.085
-0.095
-0.08
-0.085
-0.09
-0.11
-0.07
-0.09
-0.095
-0.1
-0.095
-0.105
-0.07
-0.09
-0.085
-0.065
-0.03
0.05
0.025
0.105
0.175
0.11
0.025
-0.04
-0.035
-0.16
-0.175
-0.185
-0.17
-0.195
-0.23
0.13
0.995
1.62
0.47
-0.485
-0.715
-0.495
-0.21
-0.175
-0.15
-0.145
-0.125
-0.125
-0.115
-0.11
-0.08
-0.07
-0.025
-0.03
0.015
0.015
0.065
0.09
0.13
0.175
0.205
0.225
0.25
0.26
0.27
0.275
0.25
0.215
0.16
0.105
0.08
0.035
0.005
0
-0.01
-0.005
-0.01
-0.01
-0.015
-0.005
0.005
-0.005
-0.005
0
-0.015
-0.03
-0.025
-0.04
-0.025
-0.06
-0.05
-0.06
-0.05
-0.065
-0.07
-0.08
-0.075
-0.095
-0.075
-0.08
-0.075
-0.1
-0.075
-0.085
-0.085
-0.115
-0.08
-0.09
-0.11
-0.05
0
0.01
0.04
0.135
0.14
0.075
-0.005
-0.03
-0.075
-0.175
-0.185
-0.215
-0.18
-0.235
-0.135
0.325
1.18
1.595
0.05
-0.73
-0.705
-0.45
-0.185
-0.21
-0.155
-0.145
-0.125
-0.155
-0.105
-0.105
-0.08
-0.07
-0.01
-0.03
0.015
0.04
0.07
0.09
